%YAML:1.0
---
M: !!opencv-matrix
   rows: 3
   cols: 3
   dt: d
   data: [ 9.0517752624261004e+02, 0., 640., 0., 9.0517752624261004e+02,
       360., 0., 0., 1. ]
D: !!opencv-matrix
   rows: 1
   cols: 5
   dt: d
   data: [ 9.1292582273050316e-02, -1.8299434012034435e-01, 0., 0.,
       4.2255686962281824e-02 ]
